STRUCTURE:

[NORMAL MAP TIME x20 , EASY MAP TIME x20]


BACKTRACKING DATA:

77.91818122554832,78.06036967630597,78.99837820481545,77.66260877051758,77.51907151813961,78.84913586132198,78.94506616678049,79.03496987742787,78.1771140586998,78.55197855553428,78.28390520853353,77.90208384305761,77.923907997509,77.46697293861746,78.14752024230049,78.67771595740274,78.97631475812184,77.71785679905389,78.47490929375685,79.1435574789579,0.03497453554664929,0.033271805728629845,0.034151277440410716,0.033524680979956485,0.032665639825113224,0.0322099771339888,0.03386164258819463,0.0356777427797558,0.033436212712655525,0.0327220252876583,0.03415535202120773,0.03496249150915134,0.03639924359599015,0.03630728504287983,0.036007761743941435,0.03309672529577162,0.03652879390849604,0.03246367705480255,0.03312053191974962,0.03460137115004264

A* DATA:

0.04030967139713648,0.040468204313620644,0.040786451609809114,0.040603157198466806,0.04137998457172053,0.04165472582259001,0.04140583029655526,0.041326060916146,0.041664720692334956,0.041776678230396894,0.04113850567624515,0.04085629736148046,0.04127902760248121,0.041293598153607586,0.040465450539723134,0.04115578768681038,0.040717122900456836,0.0420771713934824,0.04024656729339103,0.04059199210330763,0.021086581978759317,0.019362503588386683,0.02011925260601236,0.020499547569142018,0.02164455561850001,0.02017583671667246,0.021086566894363928,0.02068912603160443,0.020095776209060175,0.021108642373648796,0.019557795845537,0.01943634484879247,0.021089603469088523,0.019655539024365547,0.021151174133438186,0.021180663351231126,0.020273375951630083,0.01975701699852737,0.01961055601391078,0.020862042483717883
